Timestamp,Open,High,Low,Close,Volume,Timestamp2
1692330300,19301.8,19317.2,19276.5,19307.1,0,2023-08-18 09:15:00+05:30
1692330600,19306.8,19315.2,19293.0,19315.2,0,2023-08-18 09:20:00+05:30
1692330900,19315.9,19329.8,19315.2,19326.2,0,2023-08-18 09:25:00+05:30
1692331200,19325.8,19327.8,19311.2,19316.2,0,2023-08-18 09:30:00+05:30
1692331500,19316.4,19320.3,19291.3,19294.3,0,2023-08-18 09:35:00+05:30
1692331800,19293.7,19294.9,19279.4,19283.9,0,2023-08-18 09:40:00+05:30
1692332100,19283.7,19289.4,19281.8,19287.9,0,2023-08-18 09:45:00+05:30
1692332400,19287.4,19292.6,19271.8,19274.6,0,2023-08-18 09:50:00+05:30
1692332700,19275.1,19278.3,19266.1,19267.7,0,2023-08-18 09:55:00+05:30
1692333000,19267.4,19274.7,19261.5,19271.9,0,2023-08-18 10:00:00+05:30
1692333300,19271.8,19271.8,19263.8,19271.5,0,2023-08-18 10:05:00+05:30
1692333600,19272.5,19272.9,19258.3,19266.3,0,2023-08-18 10:10:00+05:30
1692333900,19265.8,19286.9,19262.0,19286.3,0,2023-08-18 10:15:00+05:30
1692334200,19285.6,19286.4,19274.7,19279.9,0,2023-08-18 10:20:00+05:30
1692334500,19279.4,19281.3,19271.7,19271.9,0,2023-08-18 10:25:00+05:30
1692334800,19273.1,19277.5,19269.6,19276.7,0,2023-08-18 10:30:00+05:30
1692335100,19276.8,19280.2,19266.6,19268.3,0,2023-08-18 10:35:00+05:30
1692335400,19268.6,19268.7,19260.8,19261.4,0,2023-08-18 10:40:00+05:30
1692335700,19261.5,19268.1,19253.6,19266.9,0,2023-08-18 10:45:00+05:30
1692336000,19267.4,19276.7,19262.7,19263.0,0,2023-08-18 10:50:00+05:30
1692336300,19262.9,19275.2,19259.3,19271.4,0,2023-08-18 10:55:00+05:30
1692336600,19271.6,19276.2,19267.2,19272.6,0,2023-08-18 11:00:00+05:30
1692336900,19273.6,19277.6,19270.6,19274.8,0,2023-08-18 11:05:00+05:30
1692337200,19275.6,19279.7,19269.9,19276.7,0,2023-08-18 11:10:00+05:30
1692337500,19276.9,19279.3,19273.5,19274.7,0,2023-08-18 11:15:00+05:30
1692337800,19274.8,19281.0,19271.8,19275.3,0,2023-08-18 11:20:00+05:30
1692338100,19275.7,19287.0,19273.8,19285.6,0,2023-08-18 11:25:00+05:30
1692338400,19286.3,19298.5,19286.0,19297.1,0,2023-08-18 11:30:00+05:30
1692338700,19297.6,19303.3,19291.6,19298.8,0,2023-08-18 11:35:00+05:30
1692339000,19299.3,19303.7,19296.6,19302.1,0,2023-08-18 11:40:00+05:30
1692339300,19302.0,19305.3,19297.2,19302.4,0,2023-08-18 11:45:00+05:30
1692339600,19303.2,19303.5,19296.0,19297.7,0,2023-08-18 11:50:00+05:30
1692339900,19298.7,19306.2,19297.1,19304.8,0,2023-08-18 11:55:00+05:30
1692340200,19305.1,19315.8,19303.4,19313.2,0,2023-08-18 12:00:00+05:30
1692340500,19313.6,19313.9,19301.7,19308.4,0,2023-08-18 12:05:00+05:30
1692340800,19309.8,19310.8,19303.4,19304.6,0,2023-08-18 12:10:00+05:30
1692341100,19305.2,19307.2,19288.6,19290.7,0,2023-08-18 12:15:00+05:30
1692341400,19291.6,19294.8,19285.5,19287.6,0,2023-08-18 12:20:00+05:30
1692341700,19288.1,19294.9,19282.4,19293.6,0,2023-08-18 12:25:00+05:30
1692342000,19294.5,19301.2,19290.1,19295.9,0,2023-08-18 12:30:00+05:30
1692342300,19296.2,19300.7,19293.8,19296.7,0,2023-08-18 12:35:00+05:30
1692342600,19297.5,19300.8,19293.9,19296.8,0,2023-08-18 12:40:00+05:30
1692342900,19296.8,19298.2,19292.0,19292.4,0,2023-08-18 12:45:00+05:30
1692343200,19293.2,19298.5,19285.9,19286.6,0,2023-08-18 12:50:00+05:30
1692343500,19287.1,19293.0,19284.8,19290.7,0,2023-08-18 12:55:00+05:30
1692343800,19290.2,19300.8,19290.2,19294.9,0,2023-08-18 13:00:00+05:30
1692344100,19295.4,19295.4,19272.9,19273.2,0,2023-08-18 13:05:00+05:30
1692344400,19273.9,19278.1,19266.7,19268.6,0,2023-08-18 13:10:00+05:30
1692344700,19269.0,19279.3,19264.2,19276.8,0,2023-08-18 13:15:00+05:30
1692345000,19277.3,19279.4,19273.1,19274.5,0,2023-08-18 13:20:00+05:30
1692345300,19275.0,19277.1,19267.3,19275.2,0,2023-08-18 13:25:00+05:30
1692345600,19276.6,19285.0,19274.9,19279.4,0,2023-08-18 13:30:00+05:30
1692345900,19279.7,19281.3,19261.4,19263.0,0,2023-08-18 13:35:00+05:30
1692346200,19265.1,19273.1,19260.3,19263.6,0,2023-08-18 13:40:00+05:30
1692346500,19263.9,19280.9,19262.7,19280.6,0,2023-08-18 13:45:00+05:30
1692346800,19280.3,19293.3,19278.7,19288.8,0,2023-08-18 13:50:00+05:30
1692347100,19289.3,19308.9,19284.4,19304.5,0,2023-08-18 13:55:00+05:30
1692347400,19305.6,19341.3,19303.4,19341.2,0,2023-08-18 14:00:00+05:30
1692347700,19341.1,19342.9,19328.7,19334.8,0,2023-08-18 14:05:00+05:30
1692348000,19335.2,19357.2,19334.7,19353.8,0,2023-08-18 14:10:00+05:30
1692348300,19353.3,19373.8,19352.8,19369.6,0,2023-08-18 14:15:00+05:30
1692348600,19370.5,19370.5,19352.9,19355.4,0,2023-08-18 14:20:00+05:30
1692348900,19356.2,19365.8,19352.2,19362.2,0,2023-08-18 14:25:00+05:30
1692349200,19363.8,19367.9,19353.2,19361.6,0,2023-08-18 14:30:00+05:30
1692349500,19362.4,19363.1,19340.3,19344.3,0,2023-08-18 14:35:00+05:30
1692349800,19345.6,19356.4,19342.3,19348.5,0,2023-08-18 14:40:00+05:30
1692350100,19348.3,19357.8,19341.7,19344.2,0,2023-08-18 14:45:00+05:30
1692350400,19345.1,19351.3,19335.2,19338.7,0,2023-08-18 14:50:00+05:30
1692350700,19339.6,19351.0,19334.8,19337.3,0,2023-08-18 14:55:00+05:30
1692351000,19339.2,19351.8,19318.2,19325.1,0,2023-08-18 15:00:00+05:30
1692351300,19324.7,19327.2,19306.5,19312.4,0,2023-08-18 15:05:00+05:30
1692351600,19312.8,19322.8,19310.3,19316.3,0,2023-08-18 15:10:00+05:30
1692351900,19316.8,19316.8,19296.9,19308.3,0,2023-08-18 15:15:00+05:30
1692352200,19310.4,19310.4,19288.1,19297.6,0,2023-08-18 15:20:00+05:30
1692352500,19296.4,19304.5,19277.0,19281.5,0,2023-08-18 15:25:00+05:30
1692589500,19320.7,19352.2,19302.5,19344.6,0,2023-08-21 09:15:00+05:30
1692589800,19345.8,19356.2,19339.2,19355.1,0,2023-08-21 09:20:00+05:30
1692590100,19355.6,19363.9,19352.8,19362.6,0,2023-08-21 09:25:00+05:30
1692590400,19363.2,19368.0,19355.4,19355.4,0,2023-08-21 09:30:00+05:30
1692590700,19355.2,19362.1,19352.5,19360.7,0,2023-08-21 09:35:00+05:30
1692591000,19361.2,19361.6,19349.4,19352.3,0,2023-08-21 09:40:00+05:30
1692591300,19352.2,19359.3,19327.5,19332.9,0,2023-08-21 09:45:00+05:30
1692591600,19333.3,19334.0,19314.4,19314.4,0,2023-08-21 09:50:00+05:30
1692591900,19314.5,19324.9,19313.0,19323.7,0,2023-08-21 09:55:00+05:30
1692592200,19323.7,19323.7,19305.8,19318.3,0,2023-08-21 10:00:00+05:30
1692592500,19318.8,19319.2,19303.0,19305.2,0,2023-08-21 10:05:00+05:30
1692592800,19305.7,19315.2,19296.3,19303.8,0,2023-08-21 10:10:00+05:30
1692593100,19302.8,19317.6,19301.2,19314.5,0,2023-08-21 10:15:00+05:30
1692593400,19315.2,19322.1,19312.3,19322.1,0,2023-08-21 10:20:00+05:30
1692593700,19321.7,19339.4,19318.7,19338.6,0,2023-08-21 10:25:00+05:30
1692594000,19338.7,19350.8,19338.7,19349.3,0,2023-08-21 10:30:00+05:30
1692594300,19349.6,19354.4,19347.0,19350.5,0,2023-08-21 10:35:00+05:30
1692594600,19350.4,19351.8,19342.6,19345.3,0,2023-08-21 10:40:00+05:30
1692594900,19345.8,19348.4,19340.0,19348.0,0,2023-08-21 10:45:00+05:30
1692595200,19348.2,19359.3,19344.2,19359.2,0,2023-08-21 10:50:00+05:30
1692595500,19358.8,19368.1,19358.2,19361.6,0,2023-08-21 10:55:00+05:30
1692595800,19362.4,19365.1,19358.1,19364.1,0,2023-08-21 11:00:00+05:30
1692596100,19363.7,19373.6,19361.8,19370.5,0,2023-08-21 11:05:00+05:30
1692596400,19371.7,19379.8,19371.6,19374.4,0,2023-08-21 11:10:00+05:30
1692596700,19374.4,19377.2,19366.7,19371.5,0,2023-08-21 11:15:00+05:30
1692597000,19370.8,19379.9,19370.8,19378.8,0,2023-08-21 11:20:00+05:30
1692597300,19378.3,19379.2,19369.5,19370.2,0,2023-08-21 11:25:00+05:30
1692597600,19369.6,19370.8,19357.5,19364.2,0,2023-08-21 11:30:00+05:30
1692597900,19364.6,19367.9,19361.6,19365.9,0,2023-08-21 11:35:00+05:30
1692598200,19366.2,19373.8,19363.1,19373.3,0,2023-08-21 11:40:00+05:30
1692598500,19373.8,19384.7,19372.0,19383.1,0,2023-08-21 11:45:00+05:30
1692598800,19383.3,19387.9,19380.4,19384.1,0,2023-08-21 11:50:00+05:30
1692599100,19383.6,19384.2,19374.9,19378.3,0,2023-08-21 11:55:00+05:30
1692599400,19378.3,19382.8,19372.6,19375.7,0,2023-08-21 12:00:00+05:30
1692599700,19375.7,19385.8,19371.9,19382.8,0,2023-08-21 12:05:00+05:30
1692600000,19383.4,19388.4,19371.3,19373.3,0,2023-08-21 12:10:00+05:30
1692600300,19373.6,19377.1,19369.7,19371.3,0,2023-08-21 12:15:00+05:30
1692600600,19371.9,19383.2,19370.1,19379.6,0,2023-08-21 12:20:00+05:30
1692600900,19380.4,19382.8,19376.5,19378.2,0,2023-08-21 12:25:00+05:30
1692601200,19378.0,19385.4,19376.3,19380.5,0,2023-08-21 12:30:00+05:30
1692601500,19379.9,19387.4,19379.4,19386.4,0,2023-08-21 12:35:00+05:30
1692601800,19386.2,19402.1,19385.8,19396.4,0,2023-08-21 12:40:00+05:30
1692602100,19396.7,19401.4,19390.6,19392.3,0,2023-08-21 12:45:00+05:30
1692602400,19392.4,19393.9,19384.6,19385.2,0,2023-08-21 12:50:00+05:30
1692602700,19384.6,19395.4,19384.0,19394.8,0,2023-08-21 12:55:00+05:30
1692603000,19394.3,19399.7,19392.9,19399.3,0,2023-08-21 13:00:00+05:30
1692603300,19398.6,19406.9,19397.4,19400.2,0,2023-08-21 13:05:00+05:30
1692603600,19400.2,19407.4,19398.3,19403.2,0,2023-08-21 13:10:00+05:30
1692603900,19403.7,19412.5,19401.8,19405.8,0,2023-08-21 13:15:00+05:30
1692604200,19405.2,19406.4,19393.8,19393.8,0,2023-08-21 13:20:00+05:30
1692604500,19394.1,19397.5,19387.8,19389.1,0,2023-08-21 13:25:00+05:30
1692604800,19389.6,19401.2,19387.2,19397.7,0,2023-08-21 13:30:00+05:30
1692605100,19398.4,19403.1,19393.8,19396.9,0,2023-08-21 13:35:00+05:30
1692605400,19396.9,19399.1,19392.3,19398.4,0,2023-08-21 13:40:00+05:30
1692605700,19399.8,19409.8,19396.6,19407.3,0,2023-08-21 13:45:00+05:30
1692606000,19407.6,19410.4,19404.7,19407.2,0,2023-08-21 13:50:00+05:30
1692606300,19407.9,19410.2,19403.6,19408.8,0,2023-08-21 13:55:00+05:30
1692606600,19408.2,19415.1,19407.6,19412.2,0,2023-08-21 14:00:00+05:30
1692606900,19413.3,19413.3,19396.8,19398.0,0,2023-08-21 14:05:00+05:30
1692607200,19398.3,19402.6,19384.8,19389.4,0,2023-08-21 14:10:00+05:30
1692607500,19389.8,19395.2,19386.8,19392.2,0,2023-08-21 14:15:00+05:30
1692607800,19391.9,19403.5,19389.8,19399.1,0,2023-08-21 14:20:00+05:30
1692608100,19399.4,19399.8,19393.9,19395.8,0,2023-08-21 14:25:00+05:30
1692608400,19395.3,19403.6,19392.6,19393.7,0,2023-08-21 14:30:00+05:30
1692608700,19393.4,19404.8,19392.2,19396.2,0,2023-08-21 14:35:00+05:30
1692609000,19395.7,19402.0,19387.2,19401.5,0,2023-08-21 14:40:00+05:30
1692609300,19401.1,19409.9,19400.4,19407.8,0,2023-08-21 14:45:00+05:30
1692609600,19406.8,19410.7,19403.8,19405.1,0,2023-08-21 14:50:00+05:30
1692609900,19404.7,19417.7,19403.7,19417.4,0,2023-08-21 14:55:00+05:30
1692610200,19416.8,19425.9,19399.8,19404.4,0,2023-08-21 15:00:00+05:30
1692610500,19403.4,19403.7,19390.7,19398.4,0,2023-08-21 15:05:00+05:30
1692610800,19397.3,19399.7,19394.0,19397.8,0,2023-08-21 15:10:00+05:30
1692611100,19396.7,19397.8,19389.4,19389.8,0,2023-08-21 15:15:00+05:30
1692611400,19390.0,19390.1,19376.6,19382.5,0,2023-08-21 15:20:00+05:30
1692611700,19382.3,19387.6,19376.4,19380.2,0,2023-08-21 15:25:00+05:30
1692675900,19417.1,19429.1,19401.9,19407.9,0,2023-08-22 09:15:00+05:30
1692676200,19406.4,19409.6,19389.0,19402.3,0,2023-08-22 09:20:00+05:30
1692676500,19402.7,19428.6,19398.0,19428.2,0,2023-08-22 09:25:00+05:30
1692676800,19428.1,19433.6,19422.8,19425.7,0,2023-08-22 09:30:00+05:30
1692677100,19428.8,19436.8,19426.4,19435.8,0,2023-08-22 09:35:00+05:30
1692677400,19436.3,19441.1,19431.3,19439.9,0,2023-08-22 09:40:00+05:30
1692677700,19440.8,19443.5,19428.6,19429.2,0,2023-08-22 09:45:00+05:30
1692678000,19429.0,19430.5,19388.4,19389.2,0,2023-08-22 09:50:00+05:30
1692678300,19390.1,19408.8,19381.4,19395.8,0,2023-08-22 09:55:00+05:30
1692678600,19395.0,19403.4,19389.4,19398.9,0,2023-08-22 10:00:00+05:30
1692678900,19398.2,19408.5,19389.9,19408.5,0,2023-08-22 10:05:00+05:30
1692679200,19407.4,19407.8,19398.4,19400.6,0,2023-08-22 10:10:00+05:30
1692679500,19401.2,19418.5,19401.2,19417.4,0,2023-08-22 10:15:00+05:30
1692679800,19418.2,19418.8,19408.1,19408.8,0,2023-08-22 10:20:00+05:30
1692680100,19408.4,19414.7,19403.2,19412.6,0,2023-08-22 10:25:00+05:30
1692680400,19412.8,19421.8,19410.7,19421.8,0,2023-08-22 10:30:00+05:30
1692680700,19422.7,19425.9,19419.2,19422.8,0,2023-08-22 10:35:00+05:30
1692681000,19422.4,19422.4,19415.8,19419.2,0,2023-08-22 10:40:00+05:30
1692681300,19418.7,19419.5,19411.9,19417.7,0,2023-08-22 10:45:00+05:30
1692681600,19417.1,19420.7,19415.6,19420.0,0,2023-08-22 10:50:00+05:30
1692681900,19419.7,19420.6,19408.9,19409.9,0,2023-08-22 10:55:00+05:30
1692682200,19409.3,19415.8,19406.1,19413.7,0,2023-08-22 11:00:00+05:30
1692682500,19413.6,19418.2,19411.8,19416.9,0,2023-08-22 11:05:00+05:30
1692682800,19417.2,19420.3,19409.6,19414.9,0,2023-08-22 11:10:00+05:30
1692683100,19415.8,19419.2,19410.2,19414.2,0,2023-08-22 11:15:00+05:30
1692683400,19412.8,19420.8,19412.2,19416.7,0,2023-08-22 11:20:00+05:30
1692683700,19414.8,19422.9,19414.0,19420.8,0,2023-08-22 11:25:00+05:30
1692684000,19421.4,19425.8,19417.3,19421.6,0,2023-08-22 11:30:00+05:30
1692684300,19421.6,19424.7,19418.1,19423.1,0,2023-08-22 11:35:00+05:30
1692684600,19422.0,19427.6,19420.6,19425.4,0,2023-08-22 11:40:00+05:30
1692684900,19425.1,19428.2,19419.8,19424.7,0,2023-08-22 11:45:00+05:30
1692685200,19424.8,19434.2,19424.7,19430.1,0,2023-08-22 11:50:00+05:30
1692685500,19429.9,19432.8,19426.9,19428.8,0,2023-08-22 11:55:00+05:30
1692685800,19429.9,19436.3,19428.4,19434.4,0,2023-08-22 12:00:00+05:30
1692686100,19435.1,19440.4,19427.5,19428.8,0,2023-08-22 12:05:00+05:30
1692686400,19428.8,19434.0,19426.7,19431.8,0,2023-08-22 12:10:00+05:30
1692686700,19432.9,19434.6,19418.5,19420.7,0,2023-08-22 12:15:00+05:30
1692687000,19421.2,19426.7,19417.4,19423.8,0,2023-08-22 12:20:00+05:30
1692687300,19424.3,19428.9,19418.8,19425.7,0,2023-08-22 12:25:00+05:30
1692687600,19425.8,19429.3,19420.5,19426.6,0,2023-08-22 12:30:00+05:30
1692687900,19427.8,19429.6,19423.3,19425.1,0,2023-08-22 12:35:00+05:30
1692688200,19425.9,19429.6,19422.8,19423.9,0,2023-08-22 12:40:00+05:30
1692688500,19422.5,19428.1,19422.3,19426.6,0,2023-08-22 12:45:00+05:30
1692688800,19427.6,19433.2,19425.3,19428.9,0,2023-08-22 12:50:00+05:30
1692689100,19430.1,19433.8,19424.8,19431.4,0,2023-08-22 12:55:00+05:30
1692689400,19432.8,19434.9,19420.9,19420.9,0,2023-08-22 13:00:00+05:30
1692689700,19422.3,19423.6,19413.7,19420.8,0,2023-08-22 13:05:00+05:30
1692690000,19421.4,19428.5,19418.2,19424.2,0,2023-08-22 13:10:00+05:30
1692690300,19424.4,19426.2,19418.8,19425.0,0,2023-08-22 13:15:00+05:30
1692690600,19424.6,19428.8,19420.7,19421.8,0,2023-08-22 13:20:00+05:30
1692690900,19422.1,19425.1,19418.5,19422.7,0,2023-08-22 13:25:00+05:30
1692691200,19423.1,19430.0,19421.2,19427.2,0,2023-08-22 13:30:00+05:30
1692691500,19428.1,19430.7,19418.2,19422.2,0,2023-08-22 13:35:00+05:30
1692691800,19422.9,19426.1,19416.5,19419.4,0,2023-08-22 13:40:00+05:30
1692692100,19419.7,19420.1,19407.2,19411.1,0,2023-08-22 13:45:00+05:30
1692692400,19411.2,19418.3,19410.3,19414.0,0,2023-08-22 13:50:00+05:30
1692692700,19413.1,19416.7,19406.9,19409.1,0,2023-08-22 13:55:00+05:30
1692693000,19410.3,19411.4,19399.8,19405.6,0,2023-08-22 14:00:00+05:30
1692693300,19406.1,19411.6,19403.3,19410.7,0,2023-08-22 14:05:00+05:30
1692693600,19410.1,19418.9,19408.1,19413.9,0,2023-08-22 14:10:00+05:30
1692693900,19413.2,19416.9,19409.1,19412.5,0,2023-08-22 14:15:00+05:30
1692694200,19411.8,19417.4,19405.5,19407.6,0,2023-08-22 14:20:00+05:30
1692694500,19407.8,19413.2,19405.8,19407.6,0,2023-08-22 14:25:00+05:30
1692694800,19408.4,19414.6,19405.2,19406.9,0,2023-08-22 14:30:00+05:30
1692695100,19407.2,19407.7,19394.5,19396.2,0,2023-08-22 14:35:00+05:30
1692695400,19395.9,19404.9,19395.9,19401.9,0,2023-08-22 14:40:00+05:30
1692695700,19401.8,19403.9,19395.4,19398.5,0,2023-08-22 14:45:00+05:30
1692696000,19397.5,19400.8,19381.3,19391.9,0,2023-08-22 14:50:00+05:30
1692696300,19391.0,19401.3,19390.3,19393.4,0,2023-08-22 14:55:00+05:30
1692696600,19394.4,19412.6,19387.8,19408.3,0,2023-08-22 15:00:00+05:30
1692696900,19408.3,19411.7,19384.6,19399.2,0,2023-08-22 15:05:00+05:30
1692697200,19398.4,19399.7,19386.9,19391.4,0,2023-08-22 15:10:00+05:30
1692697500,19390.7,19406.4,19387.1,19402.8,0,2023-08-22 15:15:00+05:30
1692697800,19402.5,19403.5,19389.7,19390.4,0,2023-08-22 15:20:00+05:30
1692698100,19389.8,19399.0,19384.9,19390.1,0,2023-08-22 15:25:00+05:30
1692762300,19439.2,19450.2,19405.0,19418.4,0,2023-08-23 09:15:00+05:30
1692762600,19419.1,19419.7,19406.0,19411.4,0,2023-08-23 09:20:00+05:30
1692762900,19410.9,19415.2,19393.6,19393.8,0,2023-08-23 09:25:00+05:30
1692763200,19394.2,19402.4,19385.6,19402.3,0,2023-08-23 09:30:00+05:30
1692763500,19401.6,19411.6,19401.6,19408.0,0,2023-08-23 09:35:00+05:30
1692763800,19408.7,19414.9,19404.3,19407.2,0,2023-08-23 09:40:00+05:30
1692764100,19407.4,19410.3,19403.3,19404.7,0,2023-08-23 09:45:00+05:30
1692764400,19404.0,19404.2,19371.4,19372.3,0,2023-08-23 09:50:00+05:30
1692764700,19373.1,19383.4,19366.6,19383.3,0,2023-08-23 09:55:00+05:30
1692765000,19383.6,19389.9,19376.2,19376.4,0,2023-08-23 10:00:00+05:30
1692765300,19376.3,19382.7,19370.2,19381.8,0,2023-08-23 10:05:00+05:30
1692765600,19382.0,19388.7,19381.6,19388.3,0,2023-08-23 10:10:00+05:30
1692765900,19388.2,19391.2,19380.1,19387.1,0,2023-08-23 10:15:00+05:30
1692766200,19386.7,19387.5,19370.3,19373.3,0,2023-08-23 10:20:00+05:30
1692766500,19373.4,19379.5,19371.8,19379.5,0,2023-08-23 10:25:00+05:30
1692766800,19379.8,19384.8,19376.2,19381.9,0,2023-08-23 10:30:00+05:30
1692767100,19381.4,19387.5,19377.6,19386.9,0,2023-08-23 10:35:00+05:30
1692767400,19387.1,19391.9,19384.1,19384.9,0,2023-08-23 10:40:00+05:30
1692767700,19385.1,19388.8,19381.4,19383.5,0,2023-08-23 10:45:00+05:30
1692768000,19383.8,19392.6,19383.8,19387.8,0,2023-08-23 10:50:00+05:30
1692768300,19387.7,19395.1,19385.5,19393.8,0,2023-08-23 10:55:00+05:30
1692768600,19393.7,19397.9,19391.7,19395.7,0,2023-08-23 11:00:00+05:30
1692768900,19395.7,19411.1,19395.5,19411.1,0,2023-08-23 11:05:00+05:30
1692769200,19411.2,19412.7,19407.3,19408.5,0,2023-08-23 11:10:00+05:30
1692769500,19409.3,19412.3,19406.3,19410.2,0,2023-08-23 11:15:00+05:30
1692769800,19409.8,19421.1,19408.3,19420.9,0,2023-08-23 11:20:00+05:30
1692770100,19420.6,19429.7,19417.2,19422.2,0,2023-08-23 11:25:00+05:30
1692770400,19421.6,19427.2,19420.6,19422.7,0,2023-08-23 11:30:00+05:30
1692770700,19423.0,19424.9,19417.9,19422.5,0,2023-08-23 11:35:00+05:30
1692771000,19422.3,19430.6,19421.8,19429.0,0,2023-08-23 11:40:00+05:30
1692771300,19428.8,19430.0,19422.1,19425.8,0,2023-08-23 11:45:00+05:30
1692771600,19426.2,19427.7,19417.8,19419.3,0,2023-08-23 11:50:00+05:30
1692771900,19420.2,19424.6,19416.3,19421.1,0,2023-08-23 11:55:00+05:30
1692772200,19422.2,19425.8,19418.7,19423.2,0,2023-08-23 12:00:00+05:30
1692772500,19423.8,19429.3,19421.3,19424.2,0,2023-08-23 12:05:00+05:30
1692772800,19424.3,19427.7,19421.4,19421.9,0,2023-08-23 12:10:00+05:30
1692773100,19422.7,19423.6,19417.7,19420.7,0,2023-08-23 12:15:00+05:30
1692773400,19420.8,19434.2,19418.2,19432.4,0,2023-08-23 12:20:00+05:30
1692773700,19433.1,19442.7,19430.3,19442.6,0,2023-08-23 12:25:00+05:30
1692774000,19441.6,19444.2,19432.3,19436.4,0,2023-08-23 12:30:00+05:30
1692774300,19437.1,19453.5,19432.4,19450.7,0,2023-08-23 12:35:00+05:30
1692774600,19451.4,19458.2,19445.2,19448.6,0,2023-08-23 12:40:00+05:30
1692774900,19448.2,19461.4,19447.7,19454.6,0,2023-08-23 12:45:00+05:30
1692775200,19454.8,19455.9,19441.8,19446.1,0,2023-08-23 12:50:00+05:30
1692775500,19447.1,19453.4,19446.2,19447.8,0,2023-08-23 12:55:00+05:30
1692775800,19448.1,19449.9,19442.8,19446.3,0,2023-08-23 13:00:00+05:30
1692776100,19446.8,19449.3,19439.6,19444.1,0,2023-08-23 13:05:00+05:30
1692776400,19444.7,19446.7,19438.6,19439.4,0,2023-08-23 13:10:00+05:30
1692776700,19439.7,19445.4,19433.2,19444.1,0,2023-08-23 13:15:00+05:30
1692777000,19444.6,19454.0,19444.6,19449.3,0,2023-08-23 13:20:00+05:30
1692777300,19449.8,19456.2,19443.7,19444.7,0,2023-08-23 13:25:00+05:30
1692777600,19444.6,19448.0,19440.7,19445.5,0,2023-08-23 13:30:00+05:30
1692777900,19445.8,19454.9,19444.9,19449.4,0,2023-08-23 13:35:00+05:30
1692778200,19449.4,19456.4,19446.7,19453.2,0,2023-08-23 13:40:00+05:30
1692778500,19452.8,19453.7,19445.2,19452.3,0,2023-08-23 13:45:00+05:30
1692778800,19451.3,19458.7,19450.2,19457.3,0,2023-08-23 13:50:00+05:30
1692779100,19458.5,19465.1,19456.8,19463.6,0,2023-08-23 13:55:00+05:30
1692779400,19464.7,19472.1,19457.3,19458.8,0,2023-08-23 14:00:00+05:30
1692779700,19459.8,19464.1,19451.2,19459.4,0,2023-08-23 14:05:00+05:30
1692780000,19460.1,19463.6,19458.2,19461.1,0,2023-08-23 14:10:00+05:30
1692780300,19461.5,19461.9,19453.2,19453.7,0,2023-08-23 14:15:00+05:30
1692780600,19454.8,19455.0,19448.7,19451.9,0,2023-08-23 14:20:00+05:30
1692780900,19453.1,19456.0,19449.0,19450.1,0,2023-08-23 14:25:00+05:30
1692781200,19451.5,19458.4,19449.3,19458.3,0,2023-08-23 14:30:00+05:30
1692781500,19458.6,19464.2,19454.4,19462.1,0,2023-08-23 14:35:00+05:30
1692781800,19461.8,19464.1,19456.2,19458.7,0,2023-08-23 14:40:00+05:30
1692782100,19460.3,19462.9,19453.8,19458.3,0,2023-08-23 14:45:00+05:30
1692782400,19458.8,19462.2,19457.1,19461.8,0,2023-08-23 14:50:00+05:30
1692782700,19462.2,19466.1,19453.6,19457.0,0,2023-08-23 14:55:00+05:30
1692783000,19457.2,19467.1,19441.0,19447.9,0,2023-08-23 15:00:00+05:30
1692783300,19448.8,19452.4,19441.2,19443.6,0,2023-08-23 15:05:00+05:30
1692783600,19444.8,19445.6,19437.0,19442.8,0,2023-08-23 15:10:00+05:30
1692783900,19443.4,19443.4,19436.2,19439.4,0,2023-08-23 15:15:00+05:30
1692784200,19440.2,19448.6,19437.0,19447.2,0,2023-08-23 15:20:00+05:30
1692784500,19446.9,19448.9,19437.1,19442.3,0,2023-08-23 15:25:00+05:30
1692848700,19535.2,19537.6,19509.5,19534.1,0,2023-08-24 09:15:00+05:30
1692849000,19534.9,19545.7,19533.6,19538.3,0,2023-08-24 09:20:00+05:30
1692849300,19538.7,19554.2,19538.7,19551.9,0,2023-08-24 09:25:00+05:30
1692849600,19551.8,19554.8,19543.7,19547.2,0,2023-08-24 09:30:00+05:30
1692849900,19548.2,19562.6,19547.1,19559.4,0,2023-08-24 09:35:00+05:30
1692850200,19557.4,19568.2,19555.9,19567.4,0,2023-08-24 09:40:00+05:30
1692850500,19567.4,19583.3,19567.4,19579.8,0,2023-08-24 09:45:00+05:30
1692850800,19579.4,19584.4,19575.4,19581.8,0,2023-08-24 09:50:00+05:30
1692851100,19583.6,19584.0,19570.3,19570.8,0,2023-08-24 09:55:00+05:30
1692851400,19571.4,19572.0,19555.4,19557.2,0,2023-08-24 10:00:00+05:30
1692851700,19557.2,19561.0,19549.1,19552.8,0,2023-08-24 10:05:00+05:30
1692852000,19552.1,19564.2,19548.8,19562.1,0,2023-08-24 10:10:00+05:30
1692852300,19562.9,19566.8,19561.3,19562.7,0,2023-08-24 10:15:00+05:30
1692852600,19563.2,19564.1,19547.1,19551.9,0,2023-08-24 10:20:00+05:30
1692852900,19551.6,19553.7,19540.2,19540.9,0,2023-08-24 10:25:00+05:30
1692853200,19540.9,19542.4,19532.7,19538.1,0,2023-08-24 10:30:00+05:30
1692853500,19538.7,19539.3,19525.3,19526.5,0,2023-08-24 10:35:00+05:30
1692853800,19525.8,19527.2,19518.8,19524.8,0,2023-08-24 10:40:00+05:30
1692854100,19524.7,19526.5,19516.7,19525.9,0,2023-08-24 10:45:00+05:30
1692854400,19525.9,19530.2,19519.8,19521.6,0,2023-08-24 10:50:00+05:30
1692854700,19522.1,19522.2,19496.6,19498.6,0,2023-08-24 10:55:00+05:30
1692855000,19498.5,19504.1,19492.8,19503.8,0,2023-08-24 11:00:00+05:30
1692855300,19503.6,19508.8,19482.2,19483.7,0,2023-08-24 11:05:00+05:30
1692855600,19483.8,19489.7,19479.2,19487.1,0,2023-08-24 11:10:00+05:30
1692855900,19487.3,19487.3,19473.9,19475.1,0,2023-08-24 11:15:00+05:30
1692856200,19475.2,19481.9,19464.1,19470.8,0,2023-08-24 11:20:00+05:30
1692856500,19470.4,19479.2,19465.6,19473.3,0,2023-08-24 11:25:00+05:30
1692856800,19472.3,19476.3,19463.9,19475.4,0,2023-08-24 11:30:00+05:30
1692857100,19475.4,19481.1,19471.9,19473.8,0,2023-08-24 11:35:00+05:30
1692857400,19473.4,19487.4,19471.7,19487.1,0,2023-08-24 11:40:00+05:30
1692857700,19486.6,19489.3,19480.8,19483.0,0,2023-08-24 11:45:00+05:30
1692858000,19481.9,19486.9,19469.9,19469.9,0,2023-08-24 11:50:00+05:30
1692858300,19469.7,19474.8,19458.4,19470.2,0,2023-08-24 11:55:00+05:30
1692858600,19469.4,19474.2,19446.7,19453.1,0,2023-08-24 12:00:00+05:30
1692858900,19451.9,19455.7,19449.4,19452.2,0,2023-08-24 12:05:00+05:30
1692859200,19451.1,19458.4,19439.9,19457.9,0,2023-08-24 12:10:00+05:30
1692859500,19456.7,19459.3,19451.8,19456.6,0,2023-08-24 12:15:00+05:30
1692859800,19455.6,19459.8,19452.2,19456.1,0,2023-08-24 12:20:00+05:30
1692860100,19456.3,19457.0,19437.7,19440.2,0,2023-08-24 12:25:00+05:30
1692860400,19439.5,19463.6,19437.2,19463.3,0,2023-08-24 12:30:00+05:30
1692860700,19462.9,19469.9,19458.1,19468.3,0,2023-08-24 12:35:00+05:30
1692861000,19467.8,19469.2,19460.5,19466.2,0,2023-08-24 12:40:00+05:30
1692861300,19465.4,19470.3,19444.8,19448.2,0,2023-08-24 12:45:00+05:30
1692861600,19448.1,19453.4,19443.7,19445.5,0,2023-08-24 12:50:00+05:30
1692861900,19444.8,19454.9,19440.3,19446.1,0,2023-08-24 12:55:00+05:30
1692862200,19446.5,19453.9,19441.2,19451.8,0,2023-08-24 13:00:00+05:30
1692862500,19451.3,19452.9,19431.6,19434.1,0,2023-08-24 13:05:00+05:30
1692862800,19434.7,19437.4,19426.3,19430.2,0,2023-08-24 13:10:00+05:30
1692863100,19430.2,19435.1,19417.5,19420.3,0,2023-08-24 13:15:00+05:30
1692863400,19419.9,19429.4,19418.0,19421.6,0,2023-08-24 13:20:00+05:30
1692863700,19422.2,19423.1,19410.9,19418.2,0,2023-08-24 13:25:00+05:30
1692864000,19418.0,19436.5,19416.1,19434.2,0,2023-08-24 13:30:00+05:30
1692864300,19433.7,19436.5,19413.8,19415.8,0,2023-08-24 13:35:00+05:30
1692864600,19414.1,19420.3,19405.4,19419.9,0,2023-08-24 13:40:00+05:30
1692864900,19419.2,19435.2,19417.2,19427.9,0,2023-08-24 13:45:00+05:30
1692865200,19427.7,19435.9,19425.9,19435.9,0,2023-08-24 13:50:00+05:30
1692865500,19434.8,19436.0,19414.7,19417.1,0,2023-08-24 13:55:00+05:30
1692865800,19414.6,19425.9,19413.2,19424.9,0,2023-08-24 14:00:00+05:30
1692866100,19423.1,19431.7,19421.9,19427.2,0,2023-08-24 14:05:00+05:30
1692866400,19427.4,19441.8,19425.7,19440.8,0,2023-08-24 14:10:00+05:30
1692866700,19439.2,19441.0,19421.9,19423.6,0,2023-08-24 14:15:00+05:30
1692867000,19422.5,19425.3,19411.7,19411.7,0,2023-08-24 14:20:00+05:30
1692867300,19409.6,19437.8,19404.8,19437.6,0,2023-08-24 14:25:00+05:30
1692867600,19436.6,19438.9,19423.8,19431.3,0,2023-08-24 14:30:00+05:30
1692867900,19430.1,19430.2,19414.2,19418.5,0,2023-08-24 14:35:00+05:30
1692868200,19417.7,19427.3,19414.8,19419.0,0,2023-08-24 14:40:00+05:30
1692868500,19418.7,19419.4,19398.0,19403.7,0,2023-08-24 14:45:00+05:30
1692868800,19403.6,19406.8,19389.1,19403.0,0,2023-08-24 14:50:00+05:30
1692869100,19402.4,19403.9,19390.4,19398.6,0,2023-08-24 14:55:00+05:30
1692869400,19398.2,19404.4,19384.2,19402.5,0,2023-08-24 15:00:00+05:30
1692869700,19402.0,19405.2,19393.2,19396.8,0,2023-08-24 15:05:00+05:30
1692870000,19395.8,19400.2,19391.3,19397.1,0,2023-08-24 15:10:00+05:30
1692870300,19397.1,19397.4,19369.0,19375.2,0,2023-08-24 15:15:00+05:30
1692870600,19375.4,19384.6,19369.3,19373.6,0,2023-08-24 15:20:00+05:30
1692870900,19375.2,19386.5,19373.3,19380.4,0,2023-08-24 15:25:00+05:30
1692935100,19297.4,19311.8,19260.8,19272.2,0,2023-08-25 09:15:00+05:30
1692935400,19272.4,19316.2,19265.6,19314.5,0,2023-08-25 09:20:00+05:30
1692935700,19315.1,19327.4,19303.5,19326.2,0,2023-08-25 09:25:00+05:30
1692936000,19326.8,19332.2,19303.9,19305.3,0,2023-08-25 09:30:00+05:30
1692936300,19304.8,19316.4,19302.3,19314.8,0,2023-08-25 09:35:00+05:30
1692936600,19313.8,19331.3,19313.7,19316.8,0,2023-08-25 09:40:00+05:30
1692936900,19317.5,19325.3,19295.9,19297.6,0,2023-08-25 09:45:00+05:30
1692937200,19297.2,19322.2,19285.8,19321.2,0,2023-08-25 09:50:00+05:30
1692937500,19320.6,19336.8,19316.3,19332.9,0,2023-08-25 09:55:00+05:30
1692937800,19333.6,19338.2,19317.1,19332.8,0,2023-08-25 10:00:00+05:30
1692938100,19332.8,19339.6,19320.6,19321.4,0,2023-08-25 10:05:00+05:30
1692938400,19320.2,19322.7,19301.3,19304.5,0,2023-08-25 10:10:00+05:30
1692938700,19305.0,19305.6,19282.2,19284.4,0,2023-08-25 10:15:00+05:30
1692939000,19285.0,19286.2,19266.6,19275.2,0,2023-08-25 10:20:00+05:30
1692939300,19275.0,19278.8,19257.4,19258.7,0,2023-08-25 10:25:00+05:30
1692939600,19256.4,19256.4,19229.7,19237.8,0,2023-08-25 10:30:00+05:30
1692939900,19238.0,19262.3,19234.6,19261.3,0,2023-08-25 10:35:00+05:30
1692940200,19261.2,19269.4,19255.8,19256.4,0,2023-08-25 10:40:00+05:30
1692940500,19256.6,19262.1,19254.4,19258.1,0,2023-08-25 10:45:00+05:30
1692940800,19258.4,19261.8,19251.6,19257.2,0,2023-08-25 10:50:00+05:30
1692941100,19257.1,19259.6,19243.3,19248.3,0,2023-08-25 10:55:00+05:30
1692941400,19248.4,19261.2,19243.8,19261.2,0,2023-08-25 11:00:00+05:30
1692941700,19261.1,19278.6,19260.7,19271.8,0,2023-08-25 11:05:00+05:30
1692942000,19271.3,19274.5,19264.3,19265.4,0,2023-08-25 11:10:00+05:30
1692942300,19264.7,19276.3,19251.3,19275.2,0,2023-08-25 11:15:00+05:30
1692942600,19276.6,19309.7,19276.6,19308.1,0,2023-08-25 11:20:00+05:30
1692942900,19308.6,19316.7,19304.2,19312.8,0,2023-08-25 11:25:00+05:30
1692943200,19312.2,19313.8,19305.5,19310.4,0,2023-08-25 11:30:00+05:30
1692943500,19310.2,19310.2,19296.8,19304.8,0,2023-08-25 11:35:00+05:30
1692943800,19305.4,19318.1,19304.3,19316.6,0,2023-08-25 11:40:00+05:30
1692944100,19316.5,19329.1,19314.1,19323.0,0,2023-08-25 11:45:00+05:30
1692944400,19322.2,19323.8,19311.2,19313.5,0,2023-08-25 11:50:00+05:30
1692944700,19314.3,19317.6,19305.1,19308.2,0,2023-08-25 11:55:00+05:30
1692945000,19307.7,19314.8,19307.1,19308.4,0,2023-08-25 12:00:00+05:30
1692945300,19309.4,19311.2,19293.8,19293.8,0,2023-08-25 12:05:00+05:30
1692945600,19293.9,19309.8,19283.6,19283.6,0,2023-08-25 12:10:00+05:30
1692945900,19284.2,19285.8,19278.8,19281.3,0,2023-08-25 12:15:00+05:30
1692946200,19281.7,19294.1,19281.7,19290.8,0,2023-08-25 12:20:00+05:30
1692946500,19291.2,19296.4,19290.8,19291.4,0,2023-08-25 12:25:00+05:30
1692946800,19291.9,19307.8,19291.9,19307.0,0,2023-08-25 12:30:00+05:30
1692947100,19306.8,19311.0,19302.7,19305.1,0,2023-08-25 12:35:00+05:30
1692947400,19305.2,19310.2,19293.8,19295.5,0,2023-08-25 12:40:00+05:30
1692947700,19295.4,19298.6,19287.8,19290.7,0,2023-08-25 12:45:00+05:30
1692948000,19290.8,19291.6,19278.8,19283.2,0,2023-08-25 12:50:00+05:30
1692948300,19283.3,19303.1,19282.8,19298.1,0,2023-08-25 12:55:00+05:30
1692948600,19299.3,19304.4,19286.9,19286.9,0,2023-08-25 13:00:00+05:30
1692948900,19287.9,19298.2,19283.6,19290.1,0,2023-08-25 13:05:00+05:30
1692949200,19290.3,19295.7,19282.6,19294.3,0,2023-08-25 13:10:00+05:30
1692949500,19295.3,19311.7,19294.9,19310.6,0,2023-08-25 13:15:00+05:30
1692949800,19310.1,19311.9,19303.2,19303.4,0,2023-08-25 13:20:00+05:30
1692950100,19302.8,19304.8,19298.2,19298.4,0,2023-08-25 13:25:00+05:30
1692950400,19298.3,19302.6,19294.5,19299.0,0,2023-08-25 13:30:00+05:30
1692950700,19299.2,19301.7,19290.1,19294.1,0,2023-08-25 13:35:00+05:30
1692951000,19295.3,19308.2,19292.5,19304.5,0,2023-08-25 13:40:00+05:30
1692951300,19304.7,19305.4,19297.8,19300.3,0,2023-08-25 13:45:00+05:30
1692951600,19302.4,19303.9,19294.3,19297.2,0,2023-08-25 13:50:00+05:30
1692951900,19298.7,19302.8,19294.7,19298.2,0,2023-08-25 13:55:00+05:30
1692952200,19299.8,19303.1,19286.3,19301.2,0,2023-08-25 14:00:00+05:30
1692952500,19301.6,19309.0,19290.8,19290.8,0,2023-08-25 14:05:00+05:30
1692952800,19291.7,19293.3,19272.7,19273.7,0,2023-08-25 14:10:00+05:30
1692953100,19274.2,19275.1,19257.9,19262.4,0,2023-08-25 14:15:00+05:30
1692953400,19263.4,19269.6,19256.8,19265.4,0,2023-08-25 14:20:00+05:30
1692953700,19265.9,19285.7,19265.9,19277.8,0,2023-08-25 14:25:00+05:30
1692954000,19278.5,19282.2,19261.7,19263.8,0,2023-08-25 14:30:00+05:30
1692954300,19262.8,19271.3,19260.8,19260.8,0,2023-08-25 14:35:00+05:30
1692954600,19260.4,19265.2,19257.9,19263.1,0,2023-08-25 14:40:00+05:30
1692954900,19263.3,19274.8,19263.2,19263.8,0,2023-08-25 14:45:00+05:30
1692955200,19264.7,19278.6,19263.9,19277.2,0,2023-08-25 14:50:00+05:30
1692955500,19277.7,19282.8,19274.0,19282.8,0,2023-08-25 14:55:00+05:30
1692955800,19282.1,19296.1,19276.3,19291.8,0,2023-08-25 15:00:00+05:30
1692956100,19292.5,19300.2,19274.7,19285.3,0,2023-08-25 15:05:00+05:30
1692956400,19284.8,19285.4,19258.3,19263.2,0,2023-08-25 15:10:00+05:30
1692956700,19263.7,19267.3,19251.9,19255.5,0,2023-08-25 15:15:00+05:30
1692957000,19255.6,19256.2,19245.1,19247.2,0,2023-08-25 15:20:00+05:30
1692957300,19247.3,19248.9,19235.0,19244.3,0,2023-08-25 15:25:00+05:30
1693194300,19298.3,19328.0,19288.8,19294.1,0,2023-08-28 09:15:00+05:30
1693194600,19294.2,19294.3,19256.8,19272.2,0,2023-08-28 09:20:00+05:30
1693194900,19273.3,19278.4,19264.9,19269.6,0,2023-08-28 09:25:00+05:30
1693195200,19270.1,19285.8,19249.7,19282.8,0,2023-08-28 09:30:00+05:30
1693195500,19282.3,19290.9,19275.2,19279.4,0,2023-08-28 09:35:00+05:30
1693195800,19278.9,19298.8,19273.0,19298.0,0,2023-08-28 09:40:00+05:30
1693196100,19298.6,19314.7,19283.3,19283.3,0,2023-08-28 09:45:00+05:30
1693196400,19283.6,19287.6,19272.9,19282.0,0,2023-08-28 09:50:00+05:30
1693196700,19282.4,19288.2,19274.1,19278.6,0,2023-08-28 09:55:00+05:30
1693197000,19278.2,19283.1,19274.8,19279.7,0,2023-08-28 10:00:00+05:30
1693197300,19279.4,19286.9,19277.2,19282.5,0,2023-08-28 10:05:00+05:30
1693197600,19283.1,19292.8,19281.9,19291.6,0,2023-08-28 10:10:00+05:30
1693197900,19291.2,19306.2,19291.2,19301.8,0,2023-08-28 10:15:00+05:30
1693198200,19301.8,19304.8,19293.6,19293.6,0,2023-08-28 10:20:00+05:30
1693198500,19294.4,19307.9,19290.7,19307.9,0,2023-08-28 10:25:00+05:30
1693198800,19308.2,19317.7,19307.1,19317.7,0,2023-08-28 10:30:00+05:30
1693199100,19318.0,19324.0,19314.8,19321.3,0,2023-08-28 10:35:00+05:30
1693199400,19320.6,19322.1,19307.2,19310.6,0,2023-08-28 10:40:00+05:30
1693199700,19310.2,19314.6,19306.5,19313.3,0,2023-08-28 10:45:00+05:30
1693200000,19313.8,19314.7,19308.9,19310.9,0,2023-08-28 10:50:00+05:30
1693200300,19310.7,19313.3,19307.2,19308.3,0,2023-08-28 10:55:00+05:30
1693200600,19308.0,19319.8,19306.8,19316.4,0,2023-08-28 11:00:00+05:30
1693200900,19317.2,19318.1,19313.1,19315.9,0,2023-08-28 11:05:00+05:30
1693201200,19315.5,19318.5,19313.2,19316.6,0,2023-08-28 11:10:00+05:30
1693201500,19316.4,19329.1,19316.4,19324.2,0,2023-08-28 11:15:00+05:30
1693201800,19324.9,19324.9,19314.8,19316.8,0,2023-08-28 11:20:00+05:30
1693202100,19315.6,19324.8,19314.0,19320.3,0,2023-08-28 11:25:00+05:30
1693202400,19321.0,19323.7,19316.8,19323.5,0,2023-08-28 11:30:00+05:30
1693202700,19323.3,19325.4,19317.8,19317.8,0,2023-08-28 11:35:00+05:30
1693203000,19318.5,19321.7,19314.2,19321.1,0,2023-08-28 11:40:00+05:30
1693203300,19321.8,19322.3,19316.7,19320.2,0,2023-08-28 11:45:00+05:30
1693203600,19320.4,19321.6,19304.1,19304.2,0,2023-08-28 11:50:00+05:30
1693203900,19304.6,19311.4,19303.4,19310.7,0,2023-08-28 11:55:00+05:30
1693204200,19311.3,19317.2,19310.1,19314.4,0,2023-08-28 12:00:00+05:30
1693204500,19314.8,19318.5,19310.0,19318.5,0,2023-08-28 12:05:00+05:30
1693204800,19318.8,19319.1,19314.7,19315.7,0,2023-08-28 12:10:00+05:30
1693205100,19315.5,19319.3,19311.1,19318.6,0,2023-08-28 12:15:00+05:30
1693205400,19318.8,19323.9,19317.4,19319.3,0,2023-08-28 12:20:00+05:30
1693205700,19319.8,19324.9,19318.6,19322.6,0,2023-08-28 12:25:00+05:30
1693206000,19325.3,19342.9,19321.8,19337.1,0,2023-08-28 12:30:00+05:30
1693206300,19337.6,19345.9,19335.6,19339.6,0,2023-08-28 12:35:00+05:30
1693206600,19340.3,19341.2,19333.1,19337.2,0,2023-08-28 12:40:00+05:30
1693206900,19336.8,19343.2,19334.8,19338.4,0,2023-08-28 12:45:00+05:30
1693207200,19338.8,19342.4,19336.8,19341.2,0,2023-08-28 12:50:00+05:30
1693207500,19340.8,19346.3,19339.6,19341.1,0,2023-08-28 12:55:00+05:30
1693207800,19340.6,19341.8,19332.9,19339.7,0,2023-08-28 13:00:00+05:30
1693208100,19339.2,19344.2,19333.4,19336.7,0,2023-08-28 13:05:00+05:30
1693208400,19336.8,19339.0,19331.8,19333.5,0,2023-08-28 13:10:00+05:30
1693208700,19333.4,19344.8,19330.7,19343.3,0,2023-08-28 13:15:00+05:30
1693209000,19342.9,19351.9,19340.6,19350.5,0,2023-08-28 13:20:00+05:30
1693209300,19350.9,19354.4,19341.8,19349.6,0,2023-08-28 13:25:00+05:30
1693209600,19348.2,19350.4,19345.2,19346.2,0,2023-08-28 13:30:00+05:30
1693209900,19346.6,19355.0,19345.9,19350.8,0,2023-08-28 13:35:00+05:30
1693210200,19351.6,19356.7,19349.7,19350.2,0,2023-08-28 13:40:00+05:30
1693210500,19350.2,19353.3,19343.8,19347.9,0,2023-08-28 13:45:00+05:30
1693210800,19346.9,19349.1,19338.4,19342.8,0,2023-08-28 13:50:00+05:30
1693211100,19342.7,19346.8,19338.8,19341.7,0,2023-08-28 13:55:00+05:30
1693211400,19340.9,19363.9,19340.6,19363.2,0,2023-08-28 14:00:00+05:30
1693211700,19362.8,19366.8,19353.1,19353.7,0,2023-08-28 14:05:00+05:30
1693212000,19352.8,19357.1,19324.6,19336.1,0,2023-08-28 14:10:00+05:30
1693212300,19335.4,19340.3,19330.2,19332.3,0,2023-08-28 14:15:00+05:30
1693212600,19332.8,19335.2,19314.3,19315.6,0,2023-08-28 14:20:00+05:30
1693212900,19314.4,19327.3,19310.4,19325.3,0,2023-08-28 14:25:00+05:30
1693213200,19325.2,19328.9,19319.7,19320.7,0,2023-08-28 14:30:00+05:30
1693213500,19320.8,19325.9,19315.5,19316.5,0,2023-08-28 14:35:00+05:30
1693213800,19316.4,19323.1,19313.6,19319.7,0,2023-08-28 14:40:00+05:30
1693214100,19319.8,19331.3,19318.7,19331.3,0,2023-08-28 14:45:00+05:30
1693214400,19332.1,19338.1,19317.2,19328.1,0,2023-08-28 14:50:00+05:30
1693214700,19328.1,19333.3,19324.2,19331.9,0,2023-08-28 14:55:00+05:30
1693215000,19331.8,19334.5,19318.6,19320.5,0,2023-08-28 15:00:00+05:30
1693215300,19322.6,19322.6,19295.6,19301.8,0,2023-08-28 15:05:00+05:30
1693215600,19301.8,19311.4,19298.6,19300.8,0,2023-08-28 15:10:00+05:30
1693215900,19300.8,19308.8,19298.7,19307.2,0,2023-08-28 15:15:00+05:30
1693216200,19306.8,19309.9,19300.4,19305.4,0,2023-08-28 15:20:00+05:30
1693216500,19305.8,19305.8,19290.1,19302.7,0,2023-08-28 15:25:00+05:30
1693280700,19374.8,19377.9,19329.4,19332.9,0,2023-08-29 09:15:00+05:30
1693281000,19332.1,19343.5,19329.2,19342.3,0,2023-08-29 09:20:00+05:30
1693281300,19341.5,19344.8,19322.6,19323.6,0,2023-08-29 09:25:00+05:30
1693281600,19322.5,19339.9,19320.4,19339.8,0,2023-08-29 09:30:00+05:30
1693281900,19339.4,19353.8,19337.3,19353.1,0,2023-08-29 09:35:00+05:30
1693282200,19352.9,19356.5,19348.3,19349.4,0,2023-08-29 09:40:00+05:30
1693282500,19348.4,19351.2,19342.5,19342.6,0,2023-08-29 09:45:00+05:30
1693282800,19342.1,19355.4,19340.1,19354.6,0,2023-08-29 09:50:00+05:30
1693283100,19354.0,19354.7,19336.7,19338.6,0,2023-08-29 09:55:00+05:30
1693283400,19338.2,19340.2,19329.2,19330.8,0,2023-08-29 10:00:00+05:30
1693283700,19329.7,19335.2,19328.6,19334.7,0,2023-08-29 10:05:00+05:30
1693284000,19334.7,19340.5,19331.9,19340.2,0,2023-08-29 10:10:00+05:30
1693284300,19340.3,19340.8,19324.1,19325.2,0,2023-08-29 10:15:00+05:30
1693284600,19324.8,19327.2,19316.8,19318.1,0,2023-08-29 10:20:00+05:30
1693284900,19319.2,19322.3,19313.7,19318.6,0,2023-08-29 10:25:00+05:30
1693285200,19319.1,19331.9,19318.6,19331.7,0,2023-08-29 10:30:00+05:30
1693285500,19331.3,19335.6,19329.2,19335.0,0,2023-08-29 10:35:00+05:30
1693285800,19335.0,19336.5,19331.7,19335.9,0,2023-08-29 10:40:00+05:30
1693286100,19335.5,19339.0,19329.8,19335.8,0,2023-08-29 10:45:00+05:30
1693286400,19335.6,19336.4,19329.6,19330.1,0,2023-08-29 10:50:00+05:30
1693286700,19329.8,19342.5,19326.8,19342.1,0,2023-08-29 10:55:00+05:30
1693287000,19342.1,19344.2,19336.3,19337.9,0,2023-08-29 11:00:00+05:30
1693287300,19338.5,19339.7,19327.5,19328.8,0,2023-08-29 11:05:00+05:30
1693287600,19328.3,19332.1,19324.8,19326.4,0,2023-08-29 11:10:00+05:30
1693287900,19326.3,19327.0,19322.4,19325.2,0,2023-08-29 11:15:00+05:30
1693288200,19325.2,19332.1,19324.4,19332.1,0,2023-08-29 11:20:00+05:30
1693288500,19331.6,19335.8,19329.1,19332.8,0,2023-08-29 11:25:00+05:30
1693288800,19332.4,19337.4,19330.6,19333.1,0,2023-08-29 11:30:00+05:30
1693289100,19333.2,19334.9,19327.5,19331.3,0,2023-08-29 11:35:00+05:30
1693289400,19331.1,19340.3,19328.9,19340.3,0,2023-08-29 11:40:00+05:30
1693289700,19339.9,19343.5,19332.1,19337.4,0,2023-08-29 11:45:00+05:30
1693290000,19337.7,19338.0,19330.7,19332.8,0,2023-08-29 11:50:00+05:30
1693290300,19331.4,19333.0,19323.2,19331.2,0,2023-08-29 11:55:00+05:30
1693290600,19329.4,19339.9,19329.4,19338.9,0,2023-08-29 12:00:00+05:30
1693290900,19338.8,19347.3,19335.9,19346.6,0,2023-08-29 12:05:00+05:30
1693291200,19346.2,19348.7,19342.2,19345.1,0,2023-08-29 12:10:00+05:30
1693291500,19344.9,19350.6,19342.8,19349.5,0,2023-08-29 12:15:00+05:30
1693291800,19347.7,19353.6,19346.9,19350.4,0,2023-08-29 12:20:00+05:30
1693292100,19349.6,19357.7,19346.9,19356.1,0,2023-08-29 12:25:00+05:30
1693292400,19355.2,19358.0,19345.7,19349.4,0,2023-08-29 12:30:00+05:30
1693292700,19348.2,19354.0,19335.6,19336.3,0,2023-08-29 12:35:00+05:30
1693293000,19334.1,19344.1,19332.4,19342.2,0,2023-08-29 12:40:00+05:30
1693293300,19340.9,19343.3,19337.3,19341.2,0,2023-08-29 12:45:00+05:30
1693293600,19338.2,19346.6,19338.2,19346.4,0,2023-08-29 12:50:00+05:30
1693293900,19344.2,19353.1,19344.2,19353.1,0,2023-08-29 12:55:00+05:30
1693294200,19352.1,19360.4,19350.7,19354.5,0,2023-08-29 13:00:00+05:30
1693294500,19354.0,19360.7,19353.0,19360.2,0,2023-08-29 13:05:00+05:30
1693294800,19360.0,19361.0,19350.7,19352.8,0,2023-08-29 13:10:00+05:30
1693295100,19352.4,19356.2,19349.6,19354.8,0,2023-08-29 13:15:00+05:30
1693295400,19354.2,19357.2,19347.2,19348.2,0,2023-08-29 13:20:00+05:30
1693295700,19348.3,19361.3,19341.8,19361.3,0,2023-08-29 13:25:00+05:30
1693296000,19361.3,19361.8,19354.3,19358.7,0,2023-08-29 13:30:00+05:30
1693296300,19358.3,19359.1,19353.7,19357.8,0,2023-08-29 13:35:00+05:30
1693296600,19356.8,19361.7,19355.3,19358.6,0,2023-08-29 13:40:00+05:30
1693296900,19357.8,19359.3,19351.6,19358.8,0,2023-08-29 13:45:00+05:30
1693297200,19358.2,19358.7,19347.7,19350.9,0,2023-08-29 13:50:00+05:30
1693297500,19350.3,19355.7,19342.7,19344.7,0,2023-08-29 13:55:00+05:30
1693297800,19344.0,19354.9,19341.7,19354.1,0,2023-08-29 14:00:00+05:30
1693298100,19353.4,19355.9,19346.8,19354.7,0,2023-08-29 14:05:00+05:30
1693298400,19354.6,19354.9,19328.4,19330.4,0,2023-08-29 14:10:00+05:30
1693298700,19330.1,19331.9,19322.2,19329.8,0,2023-08-29 14:15:00+05:30
1693299000,19329.1,19331.8,19309.1,19314.8,0,2023-08-29 14:20:00+05:30
1693299300,19313.9,19319.8,19309.9,19319.8,0,2023-08-29 14:25:00+05:30
1693299600,19319.7,19330.0,19313.9,19329.4,0,2023-08-29 14:30:00+05:30
1693299900,19328.9,19333.2,19321.3,19323.6,0,2023-08-29 14:35:00+05:30
1693300200,19324.5,19325.6,19320.1,19323.5,0,2023-08-29 14:40:00+05:30
1693300500,19323.8,19330.2,19319.1,19322.2,0,2023-08-29 14:45:00+05:30
1693300800,19322.3,19330.4,19319.8,19328.3,0,2023-08-29 14:50:00+05:30
1693301100,19328.2,19329.7,19309.9,19314.0,0,2023-08-29 14:55:00+05:30
1693301400,19315.8,19336.9,19313.5,19334.4,0,2023-08-29 15:00:00+05:30
1693301700,19334.6,19343.2,19334.5,19343.2,0,2023-08-29 15:05:00+05:30
1693302000,19343.5,19344.1,19333.4,19341.4,0,2023-08-29 15:10:00+05:30
1693302300,19342.2,19344.2,19336.7,19340.5,0,2023-08-29 15:15:00+05:30
1693302600,19341.3,19357.0,19339.3,19355.2,0,2023-08-29 15:20:00+05:30
1693302900,19356.2,19357.3,19349.2,19352.9,0,2023-08-29 15:25:00+05:30
